<?xml version="1.0"?>
<opencv_storage>
<calibration_time>"Sat 24 Oct 2020 10:04:39 PM PDT"</calibration_time>
<nr_of_frames>5</nr_of_frames>
<image_width>1280</image_width>
<image_height>720</image_height>
<board_width>8</board_width>
<board_height>6</board_height>
<square_size>25.</square_size>
<fix_aspect_ratio>1.</fix_aspect_ratio>
<!-- flags: +fix_aspectRatio +fix_principal_point +zero_tangent_dist +fix_k4 +fix_k5 -->
<flags>6158</flags>
<fisheye_model>0</fisheye_model>
<camera_matrix type_id="opencv-matrix">
  <rows>3</rows>
  <cols>3</cols>
  <dt>d</dt>
  <data>
    9.2117638059274100e+02 0. 640. 0. 9.2117638059274100e+02 360. 0. 0.
    1.</data></camera_matrix>
<distortion_coefficients type_id="opencv-matrix">
  <rows>5</rows>
  <cols>1</cols>
  <dt>d</dt>
  <data>
    7.6073062842205302e-02 6.3956808887765093e-01 0. 0.
    -3.1191762925384934e+00</data></distortion_coefficients>
<avg_reprojection_error>2.1650052128653835e-01</avg_reprojection_error>
<per_view_reprojection_errors type_id="opencv-matrix">
  <rows>5</rows>
  <cols>1</cols>
  <dt>f</dt>
  <data>
    1.87963307e-01 1.97669834e-01 2.29420260e-01 2.44816020e-01
    2.17693061e-01</data></per_view_reprojection_errors>
<!-- a set of 6-tuples (rotation vector + translation vector) for each view -->
<extrinsic_parameters type_id="opencv-matrix">
  <rows>5</rows>
  <cols>6</cols>
  <dt>d</dt>
  <data>
    3.7655228379168536e-02 1.3082351846982678e-03 6.3186111602050510e-02
    -7.6841856707002350e+01 -5.6569952736712921e+01
    4.3529808811305338e+02 3.2823092062000625e-02
    -1.3653609637371085e-03 -3.0114702569156060e-01
    -2.5238861476212382e+01 -5.9767661544541149e+01
    4.3431107226779949e+02 -9.0711450720363282e-02
    -8.4004992333235912e-02 -1.4072462467708264e+00
    -3.6421795154515635e+01 1.0246444666705416e+02
    4.1010518029558494e+02 2.7480762969809374e-02 2.9778959013405559e-01
    1.4349084603923953e-01 -2.4638205010075410e+01
    -4.7581591451716292e+01 4.2624465696082257e+02
    1.4034234297439882e-01 3.3356039460351322e-01
    -6.1550606272228980e-01 -4.4075629464598478e+01
    -3.3543449223555273e+00 4.2996842120269514e+02</data></extrinsic_parameters>
<image_points type_id="opencv-matrix">
  <rows>5</rows>
  <cols>48</cols>
  <dt>"2f"</dt>
  <data>
    4.76511047e+02 2.39958145e+02 5.29762756e+02 2.43458313e+02
    5.83012024e+02 2.46622696e+02 6.35771057e+02 2.50159653e+02
    6.88771240e+02 2.53551865e+02 7.41627197e+02 2.56534760e+02
    7.94696289e+02 2.59965240e+02 8.48084229e+02 2.63103790e+02
    4.74027618e+02 2.93106995e+02 5.26650513e+02 2.96413910e+02
    5.79665466e+02 2.99742340e+02 6.32494080e+02 3.03147614e+02
    6.85434448e+02 3.06457336e+02 7.38121094e+02 3.09785553e+02
    7.91146545e+02 3.12952209e+02 8.43981201e+02 3.16298096e+02
    4.70886322e+02 3.45868958e+02 5.23653137e+02 3.49126190e+02
    5.76520874e+02 3.52498596e+02 6.29204956e+02 3.55826416e+02
    6.81839844e+02 3.59154205e+02 7.34626038e+02 3.62367706e+02
    7.87252502e+02 3.65858917e+02 8.40303589e+02 3.69065521e+02
    4.68190216e+02 3.98417480e+02 5.20630371e+02 4.01622375e+02
    5.73320862e+02 4.05036346e+02 6.25746460e+02 4.08381378e+02
    6.78619507e+02 4.11687408e+02 7.30933105e+02 4.14973267e+02
    7.83609619e+02 4.18333740e+02 8.36585022e+02 4.21852814e+02
    4.64663391e+02 4.50780182e+02 5.17302917e+02 4.54131012e+02
    5.70086731e+02 4.57526917e+02 6.22538452e+02 4.60764008e+02
    6.75063782e+02 4.64145782e+02 7.27524353e+02 4.67394806e+02
    7.80370300e+02 4.70947510e+02 8.33197266e+02 4.74446259e+02
    4.61715759e+02 5.03279846e+02 5.14274719e+02 5.06445953e+02
    5.66918213e+02 5.09516296e+02 6.19100281e+02 5.12732178e+02
    6.71632263e+02 5.16408203e+02 7.23870972e+02 5.19644653e+02
    7.76749268e+02 5.23265808e+02 8.29479004e+02 5.27025696e+02
    5.86303589e+02 2.33199631e+02 6.36970764e+02 2.17420975e+02
    6.87796936e+02 2.01393585e+02 7.38841431e+02 1.85366501e+02
    7.90207214e+02 1.68753189e+02 8.41903320e+02 1.52217346e+02
    8.94096313e+02 1.35435287e+02 9.46282959e+02 1.19000633e+02
    6.02165100e+02 2.84133179e+02 6.52723999e+02 2.68308289e+02
    7.03565491e+02 2.52266006e+02 7.54462830e+02 2.36386429e+02
    8.05631409e+02 2.20278366e+02 8.57075195e+02 2.03861038e+02
    9.09513794e+02 1.87326279e+02 9.61363098e+02 1.71062531e+02
    6.17843201e+02 3.34618988e+02 6.68349487e+02 3.18848755e+02
    7.19154968e+02 3.02930542e+02 7.69755798e+02 2.87347809e+02
    8.20872620e+02 2.71295288e+02 8.72416077e+02 2.55222061e+02
    9.24383118e+02 2.38880341e+02 9.76438477e+02 2.22538986e+02
    6.33631531e+02 3.84898132e+02 6.83900391e+02 3.69394257e+02
    7.34586243e+02 3.53537872e+02 7.85336731e+02 3.37830658e+02
    8.36319031e+02 3.22012268e+02 8.87712646e+02 3.06322754e+02
    9.39773071e+02 2.90174774e+02 9.91712280e+02 2.74169769e+02
    6.49126953e+02 4.34950958e+02 6.99491516e+02 4.19693909e+02
    7.50144958e+02 4.03893341e+02 8.00800720e+02 3.88450470e+02
    8.51912354e+02 3.72602051e+02 9.03360229e+02 3.56999878e+02
    9.55556763e+02 3.41308716e+02 1.00733868e+03 3.25453583e+02
    6.64742065e+02 4.85104614e+02 7.15054504e+02 4.69701324e+02
    7.65545288e+02 4.54043213e+02 8.16173279e+02 4.38700134e+02
    8.67308899e+02 4.23309387e+02 9.18640320e+02 4.07771545e+02
    9.70726135e+02 3.92130249e+02 1.02219250e+03 3.76421509e+02
    5.57974304e+02 5.91583923e+02 5.67622742e+02 5.34508789e+02
    5.77255920e+02 4.78595581e+02 5.86554688e+02 4.23800781e+02
    5.95664673e+02 3.69614655e+02 6.04491699e+02 3.16437836e+02
    6.13544434e+02 2.63516602e+02 6.22201843e+02 2.11406982e+02
    6.13689636e+02 6.00832520e+02 6.22799255e+02 5.43695862e+02
    6.31815735e+02 4.87493134e+02 6.40661987e+02 4.32716278e+02
    6.49617676e+02 3.78442749e+02 6.58278687e+02 3.24901947e+02
    6.66689148e+02 2.71912720e+02 6.75238708e+02 2.20146072e+02
    6.69351868e+02 6.10568420e+02 6.77937195e+02 5.52987488e+02
    6.86492920e+02 4.96592590e+02 6.95264954e+02 4.41535767e+02
    7.03614319e+02 3.87246338e+02 7.11828491e+02 3.33622223e+02
    7.20194397e+02 2.80675598e+02 7.28201111e+02 2.28539871e+02
    7.25509216e+02 6.20406006e+02 7.33585938e+02 5.62595520e+02
    7.41602783e+02 5.05959961e+02 7.49902222e+02 4.50572052e+02
    7.58016968e+02 3.95880859e+02 7.66020264e+02 3.42391174e+02
    7.73686829e+02 2.89265625e+02 7.81622620e+02 2.36880722e+02
    7.81876648e+02 6.30554993e+02 7.89609741e+02 5.72517822e+02
    7.97377808e+02 5.15561218e+02 8.04891418e+02 4.59797485e+02
    8.12644531e+02 4.04805237e+02 8.20248047e+02 3.51005005e+02
    8.27934387e+02 2.97543121e+02 8.35472778e+02 2.45018555e+02
    8.38568298e+02 6.40390015e+02 8.45925354e+02 5.82430542e+02
    8.53109314e+02 5.25174988e+02 8.60473938e+02 4.69188477e+02
    8.67730835e+02 4.14103973e+02 8.74849915e+02 3.59987244e+02
    8.82341980e+02 3.06376984e+02 8.89562866e+02 2.53620239e+02
    5.87083191e+02 2.57314148e+02 6.37743835e+02 2.63363617e+02
    6.90870972e+02 2.69640747e+02 7.45557068e+02 2.76183014e+02
    8.02706726e+02 2.83143036e+02 8.62276855e+02 2.90196106e+02
    9.25206116e+02 2.97457245e+02 9.90398926e+02 3.05087524e+02
    5.79304565e+02 3.10685028e+02 6.29927734e+02 3.17816650e+02
    6.82686951e+02 3.25085999e+02 7.37234009e+02 3.32634552e+02
    7.94066711e+02 3.40623169e+02 8.53337158e+02 3.48905182e+02
    9.15767578e+02 3.57416443e+02 9.80832825e+02 3.66382355e+02
    5.72517029e+02 3.63903198e+02 6.22710388e+02 3.71931793e+02
    6.75108887e+02 3.80279053e+02 7.29372375e+02 3.88763672e+02
    7.85790527e+02 3.97778931e+02 8.44619568e+02 4.07223450e+02
    9.06671448e+02 4.16992828e+02 9.71406982e+02 4.27318146e+02
    5.65378540e+02 4.17093231e+02 6.15429993e+02 4.25806366e+02
    6.67534668e+02 4.35191711e+02 7.21441956e+02 4.44759064e+02
    7.77587952e+02 4.54686005e+02 8.36229675e+02 4.65390106e+02
    8.98020630e+02 4.76504883e+02 9.62337646e+02 4.88257538e+02
    5.57981140e+02 4.69778442e+02 6.07835815e+02 4.79588531e+02
